Iteration	CPUTime	PhysTime	Travels	Value	AvValue	MinValue	MaxValue	Delta	Criteria	PrevAvRefValue	Progress	CriteriaType	CriteriaVarType	CriteriaPercentage
1	1	0	0.0155323322	0.179414133	0.179414133	0.179414133	0.179414133	0	0	0	0	0	0	3
2	1	0	0.0310646644	-0.052175931	0.0636191012	-0.052175931	0.179414133	0.115795032	0	0	0	0	0	3
3	2	0	0.0465969967	0.0463033401	0.0578471808	-0.052175931	0.179414133	0.121566953	0	0	0	0	0	3
4	2	0	0.0621293289	-0.00458850939	0.0422382583	-0.052175931	0.179414133	0.137175875	0	0	0	0	0	3
5	2	0	0.0776616611	0.0409022755	0.0419710617	-0.052175931	0.179414133	0.137443072	0	0	0	0	0	3
6	2	0	0.0931939933	0.0120378063	0.0369821858	-0.052175931	0.179414133	0.142431948	0	0	0	0	0	3
7	3	0	0.108726326	0.127710978	0.0499434418	-0.052175931	0.179414133	0.142431948	0	0	0	0	0	3
8	3	0	0.124258658	0.0815717293	0.0538969778	-0.052175931	0.179414133	0.142431948	0	0	0	0	0	3
9	3	0	0.13979099	0.0598630324	0.0545598727	-0.052175931	0.179414133	0.142431948	0	0	0	0	0	3
10	3	0	0.155323322	0.106917483	0.0597956338	-0.052175931	0.179414133	0.142431948	0	0	0	0	0	3
11	4	0	0.170855654	0.130378052	0.0662122173	-0.052175931	0.179414133	0.142431948	0	0	0	0	0	3
12	4	0	0.186387987	0.19225087	0.0767154383	-0.052175931	0.19225087	0.142431948	0	0	0	0	0	3
13	4	0	0.201920319	0.227361195	0.0883035734	-0.052175931	0.227361195	0.142431948	0	0	0	0	0	3
14	4	0	0.217452651	0.24551048	0.0995326382	-0.052175931	0.24551048	0.142431948	0	0	0	0	0	3
15	5	0	0.232984983	0.267481271	0.110729214	-0.052175931	0.267481271	0.142431948	0	0	0	0	0	3
16	5	0	0.248517316	0.313577756	0.123407248	-0.052175931	0.313577756	0.142431948	0	0	0	0	0	3
17	5	0	0.264049648	0.366824682	0.13772592	-0.052175931	0.366824682	0.142431948	0	0	0	0	0	3
18	5	0	0.27958198	0.383957668	0.151405462	-0.052175931	0.383957668	0.142431948	0	0	0	0	0	3
19	6	0	0.295114312	0.425648419	0.165839302	-0.052175931	0.425648419	0.142431948	0	0	0	0	0	3
20	6	0	0.310646644	0.46379018	0.180736846	-0.052175931	0.46379018	0.14375466	0	0	0	0	0	3
21	6	0	0.326178977	0.50560909	0.196206952	-0.052175931	0.50560909	0.159224767	0	0	0	0	0	3
22	6	0	0.341711309	0.506362912	0.210304951	-0.052175931	0.506362912	0.173322765	0	0	0	0	0	3
23	7	0	0.357243641	0.546899211	0.224939484	-0.052175931	0.546899211	0.187957298	0	0	0	0	0	3
24	7	0	0.372775973	0.561376641	0.238957698	-0.052175931	0.561376641	0.201975513	0	0	0	0	0	3
25	7	0	0.388308305	0.562691692	0.251907058	-0.052175931	0.562691692	0.214924872	0	0	0	0	0	3
26	7	0	0.403840638	0.582619435	0.264626765	-0.052175931	0.582619435	0.227644579	0	0	0	0	0	3
27	7	0	0.41937297	0.578370977	0.276246921	-0.052175931	0.582619435	0.239264735	0	0	0	0	0	3
28	8	0	0.434905302	0.58719507	0.287352212	-0.052175931	0.58719507	0.250370026	0	0	0	0	0	3
29	8	0	0.450437634	0.615723778	0.29867537	-0.052175931	0.615723778	0.261693184	0	0	0	0	0	3
30	8	0	0.465969967	0.634009317	0.309853168	-0.052175931	0.634009317	0.272870982	0	0	0	0	0	3
31	8	0	0.481502299	0.635688846	0.320363996	-0.052175931	0.635688846	0.28338181	0	0	0	0	0	3
32	9	0	0.497034631	0.637887138	0.330286594	-0.052175931	0.637887138	0.293304408	0	0	0	0	0	3
33	9	0	0.512566963	0.641820377	0.339727012	-0.052175931	0.641820377	0.302744826	0	0	0	0	0	3
34	9	0	0.528099295	0.642149702	0.353749302	-0.052175931	0.642149702	0.316767116	0	0	0	0	0	3
35	9	0	0.543631628	0.652581533	0.375105589	-0.00458850939	0.652581533	0.338123403	0	0	0	0	0	3
36	10	0	0.55916396	0.658081555	0.393644322	-0.00458850939	0.658081555	0.356662137	0	0	0	0	0	3
37	10	0	0.574696292	0.658895543	0.4137499	0.0120378063	0.658895543	0.376767714	0	0	0	0	0	3
38	10	0	0.590228624	0.654855199	0.432354534	0.0120378063	0.658895543	0.395372348	0	0	0	0	0	3
39	10	0	0.605760957	0.653767848	0.451800899	0.0598630324	0.658895543	0.401857457	0	0	0	0	0	3
40	11	0	0.621293289	0.651005394	0.467658305	0.0598630324	0.658895543	0.413761328	0	0	0	0	0	3
41	11	0	0.636825621	0.65008352	0.484885935	0.0598630324	0.658895543	0.430326063	0	0	0	0	0	3
42	11	0	0.652357953	0.644513004	0.502602601	0.106917483	0.658895543	0.442806967	0	0	0	0	0	3
43	11	0	0.667890285	0.64302587	0.51884831	0.130378052	0.658895543	0.452636093	0	0	0	0	0	3
44	12	0	0.683422618	0.639818703	0.534285905	0.19225087	0.658895543	0.457570467	0	0	0	0	0	3
45	12	0	0.69895495	0.636128146	0.547736732	0.227361195	0.658895543	0.431534348	0	0	0	0	0	3
46	12	0	0.714487282	0.629798942	0.559931815	0.24551048	0.658895543	0.413385063	0	0	0	0	0	3
47	12	0	0.730019614	0.62878921	0.571546322	0.267481271	0.658895543	0.391414271	0	0	0	0	0	3
48	12	0	0.745551947	0.626660826	0.582430551	0.313577756	0.658895543	0.345317787	0	0	0	0	0	3
49	13	0	0.761084279	0.624559317	0.591854235	0.366824682	0.658895543	0.292070861	0	0	0	0	0	3
50	13	0	0.776616611	0.621690936	0.599577455	0.383957668	0.658895543	0.274937875	0	0	0	0	0	3
51	13	0	0.792148943	0.627398891	0.606954461	0.425648419	0.658895543	0.233247123	0	0	0	0	0	3
52	13	0	0.807681275	0.630404368	0.613159187	0.46379018	0.658895543	0.195105363	0	0	0	0	0	3
53	14	0	0.823213608	0.641963274	0.618558372	0.50560909	0.658895543	0.153286453	0	0	0	0	0	3
54	14	0	0.83874594	0.629569175	0.622314738	0.506362912	0.658895543	0.152532631	0	0	0	0	0	3
55	14	0	0.854278272	0.614004764	0.625576612	0.546899211	0.658895543	0.111996332	0	0	0	0	0	3
56	14	0	0.869810604	0.587146824	0.626796237	0.561376641	0.658895543	0.0975189012	0	0	0	0	0	3
57	14	0	0.885342937	0.558276919	0.626702306	0.558276919	0.658895543	0.100618624	0	0	0	0	0	3
58	15	0	0.900875269	0.527366877	0.625631857	0.527366877	0.658895543	0.131528665	0	0	0	0	0	3
59	15	0	0.916407601	0.500371918	0.623139508	0.500371918	0.658895543	0.158523625	0	0	0	0	0	3
60	15	0	0.931939933	0.473757052	0.619969389	0.473757052	0.658895543	0.185138491	0	0	0	0	0	3
61	15	0	0.947472265	0.45153954	0.615858615	0.45153954	0.658895543	0.207356003	0	0	0	0	0	3
62	16	0	0.963004598	0.432129516	0.610295153	0.432129516	0.658895543	0.226766027	0	0	0	0	0	3
63	16	0	0.97853693	0.415006433	0.603658702	0.415006433	0.658895543	0.243889109	0	0	0	0	0	3
64	16	0	0.994069262	0.397774645	0.596449181	0.397774645	0.658895543	0.261120897	0	0	0	0	0	3
65	17	0	1.00960159	0.38511854	0.588789526	0.38511854	0.658895543	0.273777003	0.0199045216	0	7.2	0	0	3
66	17	0	1.02513393	0.371500019	0.580598	0.371500019	0.658895543	0.273046935	0.0199045216	0	7.2	0	0	3
67	17	0	1.04066626	0.361657655	0.572098241	0.361657655	0.658895543	0.251690648	0.0199045216	0	7.9	0	0	3
68	17	0	1.05619859	0.354897824	0.563077523	0.354897824	0.658895543	0.233151914	0.0199045216	0	8.5	0	0	3
69	17	0	1.07173092	0.348594205	0.553699118	0.348594205	0.658895543	0.213046337	0.0199045216	0	9.3	0	0	3
70	18	0	1.08726326	0.341776236	0.544089442	0.341776236	0.654855199	0.194441703	0.0199045216	0	10.2	0	0	3
71	18	0	1.10279559	0.339271701	0.534526306	0.339271701	0.653767848	0.174995338	0.0199045216	0	11.3	0	0	3
72	18	0	1.11832792	0.33413839	0.524840565	0.33413839	0.651005394	0.159137932	0.0199045216	0	12.5	0	0	3
73	18	0	1.13386025	0.332743594	0.515196268	0.332743594	0.65008352	0.141910302	0.0199045216	0	14	0	0	3
74	19	0	1.14939258	0.331239917	0.50553434	0.331239917	0.644513004	0.124193636	0.0199045216	0	16	0	0	3
75	19	0	1.16492492	0.331019195	0.496034528	0.331019195	0.64302587	0.130761709	0.0199045216	0	15.2	0	0	3
76	19	0	1.18045725	0.330311662	0.48655834	0.330311662	0.641963274	0.140237897	0.0199045216	0	14.1	0	0	3
77	19	0	1.19598958	0.329914053	0.47716729	0.329914053	0.641963274	0.149628947	0.0199045216	0	13.3	0	0	3
78	20	0	1.21152191	0.329366046	0.467871469	0.329366046	0.641963274	0.158924768	0.0199045216	0	12.5	0	0	3
79	20	0	1.22705425	0.328801631	0.458750338	0.328801631	0.641963274	0.168045899	0.0199045216	0	11.8	0	0	3
80	20	0	1.24258658	0.326173488	0.449580165	0.326173488	0.641963274	0.177216072	0.0199045216	0	11.2	0	0	3
81	20	0	1.25811891	0.325310902	0.440448349	0.325310902	0.641963274	0.186347888	0.0199045216	0	10.6	0	0	3
82	20	0	1.27365124	0.324953211	0.431369376	0.324953211	0.641963274	0.195426861	0.0199045216	0	10.1	0	0	3
83	21	0	1.28918357	0.323480238	0.422332688	0.323480238	0.641963274	0.204463549	0.0199045216	0	9.7	0	0	3
84	21	0	1.30471591	0.323106484	0.413111706	0.323106484	0.641963274	0.213684531	0.0199045216	0	9.3	0	0	3
85	21	0	1.32024824	0.322101279	0.403769188	0.322101279	0.641963274	0.223027049	0.0199045216	0	8.9	0	0	3
86	21	0	1.33578057	0.321211359	0.394049433	0.321211359	0.629569175	0.232746804	0.0199045216	0	8.5	0	0	3
87	22	0	1.3513129	0.320718622	0.384690325	0.320718622	0.614004764	0.242105911	0.0199045216	0	8.2	0	0	3
88	22	0	1.36684524	0.32110488	0.375814571	0.320718622	0.587146824	0.250981665	0.0199045216	0	7.9	0	0	3
89	22	0	1.38237757	0.3210496	0.367751019	0.320718622	0.558276919	0.237558297	0.0199045216	0	8.3	0	0	3
90	22	0	1.3979099	0.317857946	0.360465596	0.317857946	0.527366877	0.209508931	0.0199045216	0	9.5	0	0	3
91	22	0	1.41344223	0.318070501	0.354123281	0.317857946	0.500371918	0.182513972	0.0199045216	0	10.9	0	0	3
92	23	0	1.42897456	0.317015427	0.348567024	0.317015427	0.473757052	0.156741625	0.0199045216	0	12.6	0	0	3
93	23	0	1.4445069	0.315967603	0.343785526	0.315967603	0.45153954	0.135571936	0.0199045216	0	14.6	0	0	3
94	23	0	1.46003923	0.318520401	0.339754643	0.315967603	0.432129516	0.116161912	0.0199045216	0	17.1	0	0	3
95	23	0	1.47557156	0.319193315	0.336332333	0.315967603	0.415006433	0.0990388301	0.0199045216	0	20	0	0	3
96	23	0	1.49110389	0.318900269	0.333420025	0.315967603	0.397774645	0.0818070419	0.0199045216	0	24.3	0	0	3
97	24	0	1.50663623	0.317824778	0.330997302	0.315967603	0.38511854	0.0691509362	0.0199045216	0	28.7	0	0	3
98	24	0	1.52216856	0.317456518	0.328946938	0.315967603	0.371500019	0.055532416	0.0199045216	0	35.8	0	0	3
99	24	0	1.53770089	0.315715334	0.327256493	0.315715334	0.361657655	0.0459423205	0.0199045216	0	43.3	0	0	3
100	24	0	1.55323322	0.31729358	0.325912127	0.315715334	0.354897824	0.0391824891	0.0199045216	0	50.7	0	0	3
101	25	0	1.56876555	0.318064649	0.32479597	0.315715334	0.348594205	0.032878871	0.0199045216	0	60.5	0	0	3
102	25	0	1.58429789	0.317477331	0.323853035	0.315715334	0.341776236	0.0260609016	0.0199045216	0	76.3	0	0	3
103	25	0	1.59983022	0.317114243	0.323105701	0.315715334	0.339271701	0.0235563666	0.0199045216	0	84.4	0	0	3
104	25	0	1.61536255	0.316004621	0.322400638	0.315715334	0.33413839	0.0184230556	0.0199045216	0	100	0	0	3
105	25	0	1.63089488	0.315337667	0.32183092	0.315337667	0.332743594	0.0174059274	0.0199045216	0	100	0	0	3
106	26	0	1.64642722	0.316815333	0.321348245	0.315337667	0.331239917	0.0159022498	0.0199045216	0	100	0	0	3
107	26	0	1.66195955	0.318312663	0.32095651	0.315337667	0.331019195	0.0156815277	0.0199045216	0	100	0	0	3
108	26	0	1.67749188	0.316681295	0.320522028	0.315337667	0.330311662	0.0149739951	0.0199045216	0	100	0	0	3
109	26	0	1.69302421	0.316302738	0.320097515	0.315337667	0.329914053	0.0145763865	0.0199045216	0	100	0	0	3
110	27	0	1.70855654	0.315017753	0.319646112	0.315017753	0.329366046	0.0143482934	0.0199045216	0	100	0	0	3
111	27	0	1.72408888	0.314058491	0.319182247	0.314058491	0.328801631	0.0147431391	0.0199045216	0	100	0	0	3
112	27	0	1.73962121	0.312465722	0.318687219	0.312465722	0.326173488	0.0137077658	0.0199045216	0	100	0	0	3
113	27	0	1.75515354	0.311362859	0.318238413	0.311362859	0.325310902	0.0139480431	0.0199045216	0	100	0	0	3
114	28	0	1.77068587	0.309683379	0.317764851	0.309683379	0.324953211	0.0152698321	0.0199045216	0	100	0	0	3
115	28	0	1.78621821	0.308373784	0.317262444	0.308373784	0.323480238	0.0151064545	0.0199045216	0	100	0	0	3
116	28	0	1.80175054	0.306464344	0.316746811	0.306464344	0.323106484	0.0166421397	0.0199045216	0	100	0	0	3
