Iteration	CPUTime	PhysTime	Travels	Value	AvValue	MinValue	MaxValue	Delta	Criteria	PrevAvRefValue	Progress	CriteriaType	CriteriaVarType	CriteriaPercentage
1	1	0	0.0155323322	293.2	293.2	293.2	293.2	0	0	0	0	0	0	3
2	1	0	0.0310646644	293.2	293.2	293.2	293.2	8.00923772e-11	0	0	0	0	0	3
3	2	0	0.0465969967	293.2	293.2	293.2	293.2	1.29887212e-10	0	0	0	0	0	3
4	2	0	0.0621293289	293.2	293.2	293.2	293.2	1.62117431e-10	0	0	0	0	0	3
5	2	0	0.0776616611	293.2	293.2	293.2	293.2	1.91448635e-10	0	0	0	0	0	3
6	2	0	0.0931939933	293.2	293.2	293.2	293.2	2.38003395e-10	0	0	0	0	0	3
7	3	0	0.108726326	293.2	293.2	293.2	293.2	3.09626103e-10	0	0	0	0	0	3
8	3	0	0.124258658	293.2	293.2	293.2	293.2	4.48153514e-10	0	0	0	0	0	3
9	3	0	0.13979099	293.2	293.2	293.2	293.2	6.36816821e-10	0	0	0	0	0	3
10	3	0	0.155323322	293.2	293.2	293.2	293.2	8.72603323e-10	0	0	0	0	0	3
11	4	0	0.170855654	293.2	293.2	293.2	293.2	1.20888899e-09	0	0	0	0	0	3
12	4	0	0.186387987	293.2	293.2	293.2	293.2	9.10011977e-09	0	0	0	0	0	3
13	4	0	0.201920319	293.2	293.2	293.2	293.2	9.10011977e-09	0	0	0	0	0	3
14	4	0	0.217452651	293.2	293.2	293.2	293.2	2.13711928e-08	0	0	0	0	0	3
15	5	0	0.232984983	293.2	293.2	293.2	293.2	2.1856124e-08	0	0	0	0	0	3
16	5	0	0.248517316	293.2	293.2	293.2	293.2	2.1856124e-08	0	0	0	0	0	3
17	5	0	0.264049648	293.2	293.2	293.2	293.2	2.3633504e-08	0	0	0	0	0	3
18	5	0	0.27958198	293.2	293.2	293.2	293.2	2.3633504e-08	0	0	0	0	0	3
19	6	0	0.295114312	293.2	293.2	293.2	293.2	2.3633504e-08	0	0	0	0	0	3
20	6	0	0.310646644	293.2	293.2	293.2	293.2	2.3633504e-08	0	0	0	0	0	3
21	6	0	0.326178977	293.2	293.2	293.2	293.2	2.3633504e-08	0	0	0	0	0	3
22	6	0	0.341711309	293.2	293.2	293.2	293.2	2.3633504e-08	0	0	0	0	0	3
23	7	0	0.357243641	293.2	293.2	293.2	293.2	2.3633504e-08	0	0	0	0	0	3
24	7	0	0.372775973	293.2	293.2	293.2	293.2	2.3633504e-08	0	0	0	0	0	3
25	7	0	0.388308305	293.2	293.2	293.2	293.2	2.3633504e-08	0	0	0	0	0	3
26	7	0	0.403840638	293.2	293.2	293.2	293.2	2.3633504e-08	0	0	0	0	0	3
27	7	0	0.41937297	293.2	293.2	293.2	293.2	2.62613185e-08	0	0	0	0	0	3
28	8	0	0.434905302	293.2	293.2	293.2	293.2	3.25600809e-08	0	0	0	0	0	3
29	8	0	0.450437634	293.2	293.2	293.2	293.2	3.85320504e-08	0	0	0	0	0	3
30	8	0	0.465969967	293.2	293.2	293.2	293.2	4.40325039e-08	0	0	0	0	0	3
31	8	0	0.481502299	293.2	293.2	293.2	293.2	5.12960696e-08	0	0	0	0	0	3
32	9	0	0.497034631	293.2	293.2	293.2	293.2	5.94706648e-08	0	0	0	0	0	3
33	9	0	0.512566963	293.2	293.2	293.2	293.2	6.83249368e-08	0	0	0	0	0	3
34	9	0	0.528099295	293.2	293.2	293.2	293.2	7.97912207e-08	0	0	0	0	0	3
35	9	0	0.543631628	293.2	293.2	293.2	293.2	9.21271521e-08	0	0	0	0	0	3
36	10	0	0.55916396	293.2	293.2	293.2	293.2	1.06162815e-07	0	0	0	0	0	3
37	10	0	0.574696292	293.200001	293.2	293.2	293.200001	1.22884444e-07	0	0	0	0	0	3
38	10	0	0.590228624	293.200001	293.2	293.2	293.200001	1.42154477e-07	0	0	0	0	0	3
39	10	0	0.605760957	293.200001	293.2	293.2	293.200001	1.63729112e-07	0	0	0	0	0	3
40	11	0	0.621293289	293.200001	293.2	293.2	293.200001	1.87300202e-07	0	0	0	0	0	3
41	11	0	0.636825621	293.200001	293.2	293.2	293.200001	2.13979376e-07	0	0	0	0	0	3
42	11	0	0.652357953	293.200001	293.2	293.2	293.200001	2.43982527e-07	0	0	0	0	0	3
43	11	0	0.667890285	293.200001	293.2	293.2	293.200001	2.77465631e-07	0	0	0	0	0	3
44	12	0	0.683422618	293.200001	293.2	293.2	293.200001	3.14457793e-07	0	0	0	0	0	3
45	12	0	0.69895495	293.200001	293.2	293.2	293.200001	3.52316761e-07	0	0	0	0	0	3
46	12	0	0.714487282	293.200001	293.2	293.2	293.200001	3.98663303e-07	0	0	0	0	0	3
47	12	0	0.730019614	293.200002	293.2	293.2	293.200002	4.53256575e-07	0	0	0	0	0	3
48	12	0	0.745551947	293.200002	293.2	293.2	293.200002	5.05608966e-07	0	0	0	0	0	3
49	13	0	0.761084279	293.200002	293.200001	293.2	293.200002	5.59920068e-07	0	0	0	0	0	3
50	13	0	0.776616611	293.200002	293.200001	293.2	293.200002	6.21669756e-07	0	0	0	0	0	3
51	13	0	0.792148943	293.200002	293.200001	293.2	293.200002	6.83529947e-07	0	0	0	0	0	3
52	13	0	0.807681275	293.200002	293.200001	293.2	293.200002	7.46810883e-07	0	0	0	0	0	3
53	14	0	0.823213608	293.200002	293.200001	293.2	293.200002	8.14167322e-07	0	0	0	0	0	3
54	14	0	0.83874594	293.200002	293.200001	293.2	293.200002	8.8473638e-07	0	0	0	0	0	3
55	14	0	0.854278272	293.200003	293.200001	293.2	293.200003	9.60539239e-07	0	0	0	0	0	3
56	14	0	0.869810604	293.200003	293.200001	293.2	293.200003	1.04066169e-06	0	0	0	0	0	3
57	14	0	0.885342937	293.200003	293.200001	293.2	293.200003	1.12006819e-06	0	0	0	0	0	3
58	15	0	0.900875269	293.200003	293.200001	293.2	293.200003	1.2012477e-06	0	0	0	0	0	3
59	15	0	0.916407601	293.200003	293.200001	293.2	293.200003	1.28315389e-06	0	0	0	0	0	3
60	15	0	0.931939933	293.200003	293.200001	293.2	293.200003	1.36487517e-06	0	0	0	0	0	3
61	15	0	0.947472265	293.200003	293.200001	293.2	293.200003	1.44883899e-06	0	0	0	0	0	3
62	16	0	0.963004598	293.200003	293.200002	293.2	293.200003	1.53631765e-06	0	0	0	0	0	3
63	16	0	0.97853693	293.200003	293.200002	293.2	293.200003	1.62530523e-06	0	0	0	0	0	3
64	16	0	0.994069262	293.200003	293.200002	293.2	293.200003	1.71379941e-06	0	0	0	0	0	3
65	17	0	1.00960159	293.200004	293.200002	293.2	293.200004	1.80280227e-06	2.93200004e-06	0	0	0	0	3
66	17	0	1.02513393	293.200004	293.200002	293.2	293.200004	1.89058312e-06	2.93200004e-06	0	0	0	0	3
67	17	0	1.04066626	293.200004	293.200002	293.2	293.200004	1.97857014e-06	2.93200004e-06	0	0	0	0	3
68	17	0	1.05619859	293.200004	293.200002	293.2	293.200004	2.06706073e-06	2.93200004e-06	0	0	0	0	3
69	17	0	1.07173092	293.200004	293.200002	293.200001	293.200004	2.15478133e-06	2.93200004e-06	0	0	0	0	3
70	18	0	1.08726326	293.200004	293.200002	293.200001	293.200004	2.24005731e-06	2.93200004e-06	0	0	0	0	3
71	18	0	1.10279559	293.200004	293.200002	293.200001	293.200004	2.32318075e-06	2.93200004e-06	0	0	0	0	3
72	18	0	1.11832792	293.200004	293.200003	293.200001	293.200004	2.40447423e-06	2.93200004e-06	0	0	0	0	3
73	18	0	1.13386025	293.200004	293.200003	293.200001	293.200004	2.48296527e-06	2.93200004e-06	0	0	0	0	3
74	19	0	1.14939258	293.200004	293.200003	293.200001	293.200004	2.55716145e-06	2.93200004e-06	0	0	0	0	3
75	19	0	1.16492492	293.200004	293.200003	293.200001	293.200004	2.62656505e-06	2.93200004e-06	0	0	0	0	3
76	19	0	1.18045725	293.200004	293.200003	293.200001	293.200004	2.69087752e-06	2.93200004e-06	0	0	0	0	3
77	19	0	1.19598958	293.200005	293.200003	293.200001	293.200005	2.75250255e-06	2.93200005e-06	0	0	0	0	3
78	20	0	1.21152191	293.200005	293.200003	293.200001	293.200005	2.80382307e-06	2.93200005e-06	0	0	0	0	3
79	20	0	1.22705425	293.200005	293.200003	293.200002	293.200005	2.8451102e-06	2.93200005e-06	0	0	0	0	3
80	20	0	1.24258658	293.200005	293.200003	293.200002	293.200005	2.88679416e-06	2.93200005e-06	0	0	0	0	3
81	20	0	1.25811891	293.200005	293.200003	293.200002	293.200005	2.91845896e-06	2.93200005e-06	0	0	0	0	3
82	20	0	1.27365124	293.200005	293.200004	293.200002	293.200005	2.85610696e-06	2.93200005e-06	0	0	0	0	3
83	21	0	1.28918357	293.200005	293.200004	293.200002	293.200005	2.79340543e-06	2.93200005e-06	0	0	0	0	3
84	21	0	1.30471591	293.200005	293.200004	293.200002	293.200005	2.7302213e-06	2.93200005e-06	0	0	0	0	3
85	21	0	1.32024824	293.200005	293.200004	293.200002	293.200005	2.67024728e-06	2.93200005e-06	0	0	0	0	3
86	21	0	1.33578057	293.200005	293.200004	293.200002	293.200005	2.61548655e-06	2.93200005e-06	0	0	0	0	3
87	22	0	1.3513129	293.200005	293.200004	293.200003	293.200005	2.57403207e-06	2.93200005e-06	0	0	0	0	3
88	22	0	1.36684524	293.200005	293.200004	293.200003	293.200005	2.54119226e-06	2.93200005e-06	0	0	0	0	3
89	22	0	1.38237757	293.200005	293.200004	293.200003	293.200005	2.5203837e-06	2.93200005e-06	0	0	0	0	3
90	22	0	1.3979099	293.200005	293.200004	293.200003	293.200005	2.5100818e-06	2.93200005e-06	0	0	0	0	3
91	22	0	1.41344223	293.200005	293.200004	293.200003	293.200005	2.50749406e-06	2.93200005e-06	0	0	0	0	3
92	23	0	1.42897456	293.200006	293.200004	293.200003	293.200006	2.50909613e-06	2.93200006e-06	0	0	0	0	3
93	23	0	1.4445069	293.200006	293.200004	293.200003	293.200006	2.50752169e-06	2.93200006e-06	0	0	0	0	3
94	23	0	1.46003923	293.200006	293.200005	293.200003	293.200006	2.49496429e-06	2.93200006e-06	0	0	0	0	3
95	23	0	1.47557156	293.200006	293.200005	293.200003	293.200006	2.48233079e-06	2.93200006e-06	0	0	0	0	3
96	23	0	1.49110389	293.200006	293.200005	293.200003	293.200006	2.49945128e-06	2.93200006e-06	0	0	0	0	3
97	24	0	1.50663623	293.200006	293.200005	293.200004	293.200006	2.51582105e-06	2.93200006e-06	0	0	0	0	3
98	24	0	1.52216856	293.200006	293.200005	293.200004	293.200006	2.53176887e-06	2.93200006e-06	0	0	0	0	3
99	24	0	1.53770089	293.200006	293.200005	293.200004	293.200006	2.55881787e-06	2.93200006e-06	0	0	0	0	3
100	24	0	1.55323322	293.200006	293.200005	293.200004	293.200006	2.56304781e-06	2.93200006e-06	0	0	0	0	3
101	25	0	1.56876555	293.200006	293.200005	293.200004	293.200006	2.55157738e-06	2.93200006e-06	0	0	0	0	3
102	25	0	1.58429789	293.200007	293.200005	293.200004	293.200007	2.5699523e-06	2.93200007e-06	0	0	0	0	3
103	25	0	1.59983022	293.200007	293.200005	293.200004	293.200007	2.59415731e-06	2.93200007e-06	0	0	0	0	3
104	25	0	1.61536255	293.200007	293.200005	293.200004	293.200007	2.62871413e-06	2.93200007e-06	0	0	0	0	3
105	25	0	1.63089488	293.200007	293.200005	293.200004	293.200007	2.67096459e-06	2.93200007e-06	0	0	0	0	3
106	26	0	1.64642722	293.200007	293.200006	293.200004	293.200007	2.71998709e-06	2.93200007e-06	0	0	0	0	3
107	26	0	1.66195955	293.200007	293.200006	293.200004	293.200007	2.70327178e-06	2.93200007e-06	0	0	0	0	3
108	26	0	1.67749188	293.200007	293.200006	293.200004	293.200007	2.68990487e-06	2.93200007e-06	0	0	0	0	3
109	26	0	1.69302421	293.200007	293.200006	293.200005	293.200007	2.68031192e-06	2.93200007e-06	0	0	0	0	3
110	27	0	1.70855654	293.200008	293.200006	293.200005	293.200008	2.67473638e-06	2.93200008e-06	0	0	0	0	3
111	27	0	1.72408888	293.200008	293.200006	293.200005	293.200008	2.67313237e-06	2.93200008e-06	0	0	0	0	3
112	27	0	1.73962121	293.200008	293.200006	293.200005	293.200008	2.67559363e-06	2.93200008e-06	0	0	0	0	3
113	27	0	1.75515354	293.200008	293.200006	293.200005	293.200008	2.68221544e-06	2.93200008e-06	0	0	0	0	3
114	28	0	1.77068587	293.200008	293.200006	293.200005	293.200008	2.69294048e-06	2.93200008e-06	0	0	0	0	3
115	28	0	1.78621821	293.200008	293.200006	293.200005	293.200008	2.70777485e-06	2.93200008e-06	0	0	0	0	3
116	28	0	1.80175054	293.200008	293.200006	293.200005	293.200008	2.72671195e-06	2.93200008e-06	0	0	0	0	3
