Iteration	CPUTime	PhysTime	Travels	Value	AvValue	MinValue	MaxValue	Delta	Criteria	PrevAvRefValue	Progress	CriteriaType	CriteriaVarType	CriteriaPercentage
1	1	0	0.0155323322	0	0	0	0	0	0	0	0	0	0	3
2	1	0	0.0310646644	0	0	0	0	0	0	0	0	0	0	3
3	2	0	0.0465969967	0	0	0	0	0	0	0	0	0	0	3
4	2	0	0.0621293289	0	0	0	0	0	0	0	0	0	0	3
5	2	0	0.0776616611	0	0	0	0	0	0	0	0	0	0	3
6	2	0	0.0931939933	0	0	0	0	0	0	0	0	0	0	3
7	3	0	0.108726326	0	0	0	0	0	0	0	0	0	0	3
8	3	0	0.124258658	0	0	0	0	0	0	0	0	0	0	3
9	3	0	0.13979099	0	0	0	0	0	0	0	0	0	0	3
10	3	0	0.155323322	0	0	0	0	0	0	0	0	0	0	3
11	4	0	0.170855654	0	0	0	0	0	0	0	0	0	0	3
12	4	0	0.186387987	0	0	0	0	0	0	0	0	0	0	3
13	4	0	0.201920319	0	0	0	0	0	0	0	0	0	0	3
14	4	0	0.217452651	0	0	0	0	0	0	0	0	0	0	3
15	5	0	0.232984983	0	0	0	0	0	0	0	0	0	0	3
16	5	0	0.248517316	0	0	0	0	0	0	0	0	0	0	3
17	5	0	0.264049648	0	0	0	0	0	0	0	0	0	0	3
18	5	0	0.27958198	0	0	0	0	0	0	0	0	0	0	3
19	6	0	0.295114312	0	0	0	0	0	0	0	0	0	0	3
20	6	0	0.310646644	0	0	0	0	0	0	0	0	0	0	3
21	6	0	0.326178977	0	0	0	0	0	0	0	0	0	0	3
22	6	0	0.341711309	0	0	0	0	0	0	0	0	0	0	3
23	7	0	0.357243641	0	0	0	0	0	0	0	0	0	0	3
24	7	0	0.372775973	0	0	0	0	0	0	0	0	0	0	3
25	7	0	0.388308305	0	0	0	0	0	0	0	0	0	0	3
26	7	0	0.403840638	0	0	0	0	0	0	0	0	0	0	3
27	7	0	0.41937297	0	0	0	0	0	0	0	0	0	0	3
28	8	0	0.434905302	0	0	0	0	0	0	0	0	0	0	3
29	8	0	0.450437634	0	0	0	0	0	0	0	0	0	0	3
30	8	0	0.465969967	0	0	0	0	0	0	0	0	0	0	3
31	8	0	0.481502299	0	0	0	0	0	0	0	0	0	0	3
32	9	0	0.497034631	0	0	0	0	0	0	0	0	0	0	3
33	9	0	0.512566963	0	0	0	0	0	0	0	0	0	0	3
34	9	0	0.528099295	0	0	0	0	0	0	0	0	0	0	3
35	9	0	0.543631628	0	0	0	0	0	0	0	0	0	0	3
36	10	0	0.55916396	0	0	0	0	0	0	0	0	0	0	3
37	10	0	0.574696292	0	0	0	0	0	0	0	0	0	0	3
38	10	0	0.590228624	0	0	0	0	0	0	0	0	0	0	3
39	10	0	0.605760957	0	0	0	0	0	0	0	0	0	0	3
40	11	0	0.621293289	0	0	0	0	0	0	0	0	0	0	3
41	11	0	0.636825621	0	0	0	0	0	0	0	0	0	0	3
42	11	0	0.652357953	0	0	0	0	0	0	0	0	0	0	3
43	11	0	0.667890285	0	0	0	0	0	0	0	0	0	0	3
44	12	0	0.683422618	0	0	0	0	0	0	0	0	0	0	3
45	12	0	0.69895495	0	0	0	0	0	0	0	0	0	0	3
46	12	0	0.714487282	0	0	0	0	0	0	0	0	0	0	3
47	12	0	0.730019614	0	0	0	0	0	0	0	0	0	0	3
48	12	0	0.745551947	0	0	0	0	0	0	0	0	0	0	3
49	13	0	0.761084279	0	0	0	0	0	0	0	0	0	0	3
50	13	0	0.776616611	0	0	0	0	0	0	0	0	0	0	3
51	13	0	0.792148943	0	0	0	0	0	0	0	0	0	0	3
52	13	0	0.807681275	0	0	0	0	0	0	0	0	0	0	3
53	14	0	0.823213608	0	0	0	0	0	0	0	0	0	0	3
54	14	0	0.83874594	0	0	0	0	0	0	0	0	0	0	3
55	14	0	0.854278272	0	0	0	0	0	0	0	0	0	0	3
56	14	0	0.869810604	0	0	0	0	0	0	0	0	0	0	3
57	14	0	0.885342937	0	0	0	0	0	0	0	0	0	0	3
58	15	0	0.900875269	0	0	0	0	0	0	0	0	0	0	3
59	15	0	0.916407601	0	0	0	0	0	0	0	0	0	0	3
60	15	0	0.931939933	0	0	0	0	0	0	0	0	0	0	3
61	15	0	0.947472265	0	0	0	0	0	0	0	0	0	0	3
62	16	0	0.963004598	0	0	0	0	0	0	0	0	0	0	3
63	16	0	0.97853693	0	0	0	0	0	0	0	0	0	0	3
64	16	0	0.994069262	0	0	0	0	0	0	0	0	0	0	3
65	17	0	1.00960159	0	0	0	0	0	1e-08	0	0	0	0	3
66	17	0	1.02513393	0	0	0	0	0	1e-08	0	0	0	0	3
67	17	0	1.04066626	0	0	0	0	0	1e-08	0	0	0	0	3
68	17	0	1.05619859	0	0	0	0	0	1e-08	0	0	0	0	3
69	17	0	1.07173092	0	0	0	0	0	1e-08	0	0	0	0	3
70	18	0	1.08726326	0	0	0	0	0	1e-08	0	0	0	0	3
71	18	0	1.10279559	0	0	0	0	0	1e-08	0	0	0	0	3
72	18	0	1.11832792	0	0	0	0	0	1e-08	0	0	0	0	3
73	18	0	1.13386025	0	0	0	0	0	1e-08	0	0	0	0	3
74	19	0	1.14939258	0	0	0	0	0	1e-08	0	0	0	0	3
75	19	0	1.16492492	0	0	0	0	0	1e-08	0	0	0	0	3
76	19	0	1.18045725	0	0	0	0	0	1e-08	0	0	0	0	3
77	19	0	1.19598958	0	0	0	0	0	1e-08	0	0	0	0	3
78	20	0	1.21152191	0	0	0	0	0	1e-08	0	0	0	0	3
79	20	0	1.22705425	0	0	0	0	0	1e-08	0	0	0	0	3
80	20	0	1.24258658	0	0	0	0	0	1e-08	0	0	0	0	3
81	20	0	1.25811891	0	0	0	0	0	1e-08	0	0	0	0	3
82	20	0	1.27365124	0	0	0	0	0	1e-08	0	0	0	0	3
83	21	0	1.28918357	0	0	0	0	0	1e-08	0	0	0	0	3
84	21	0	1.30471591	0	0	0	0	0	1e-08	0	0	0	0	3
85	21	0	1.32024824	0	0	0	0	0	1e-08	0	0	0	0	3
86	21	0	1.33578057	0	0	0	0	0	1e-08	0	0	0	0	3
87	22	0	1.3513129	0	0	0	0	0	1e-08	0	0	0	0	3
88	22	0	1.36684524	0	0	0	0	0	1e-08	0	0	0	0	3
89	22	0	1.38237757	0	0	0	0	0	1e-08	0	0	0	0	3
90	22	0	1.3979099	0	0	0	0	0	1e-08	0	0	0	0	3
91	22	0	1.41344223	0	0	0	0	0	1e-08	0	0	0	0	3
92	23	0	1.42897456	0	0	0	0	0	1e-08	0	0	0	0	3
93	23	0	1.4445069	0	0	0	0	0	1e-08	0	0	0	0	3
94	23	0	1.46003923	0	0	0	0	0	1e-08	0	0	0	0	3
95	23	0	1.47557156	0	0	0	0	0	1e-08	0	0	0	0	3
96	23	0	1.49110389	0	0	0	0	0	1e-08	0	0	0	0	3
97	24	0	1.50663623	0	0	0	0	0	1e-08	0	0	0	0	3
98	24	0	1.52216856	0	0	0	0	0	1e-08	0	0	0	0	3
99	24	0	1.53770089	0	0	0	0	0	1e-08	0	0	0	0	3
100	24	0	1.55323322	0	0	0	0	0	1e-08	0	0	0	0	3
101	25	0	1.56876555	0	0	0	0	0	1e-08	0	0	0	0	3
102	25	0	1.58429789	0	0	0	0	0	1e-08	0	0	0	0	3
103	25	0	1.59983022	0	0	0	0	0	1e-08	0	0	0	0	3
104	25	0	1.61536255	0	0	0	0	0	1e-08	0	0	0	0	3
105	25	0	1.63089488	0	0	0	0	0	1e-08	0	0	0	0	3
106	26	0	1.64642722	0	0	0	0	0	1e-08	0	0	0	0	3
107	26	0	1.66195955	0	0	0	0	0	1e-08	0	0	0	0	3
108	26	0	1.67749188	0	0	0	0	0	1e-08	0	0	0	0	3
109	26	0	1.69302421	0	0	0	0	0	1e-08	0	0	0	0	3
110	27	0	1.70855654	0	0	0	0	0	1e-08	0	0	0	0	3
111	27	0	1.72408888	0	0	0	0	0	1e-08	0	0	0	0	3
112	27	0	1.73962121	0	0	0	0	0	1e-08	0	0	0	0	3
113	27	0	1.75515354	0	0	0	0	0	1e-08	0	0	0	0	3
114	28	0	1.77068587	0	0	0	0	0	1e-08	0	0	0	0	3
115	28	0	1.78621821	0	0	0	0	0	1e-08	0	0	0	0	3
116	28	0	1.80175054	0	0	0	0	0	1e-08	0	0	0	0	3
